89 62 25 65 71 37 
89 29 62 56 44 23 
21 93 1 88 36 26 
91 78 58 42 48 28 
5 24 50 4 82 49 
85 38 25 51 40 10 
57 96 11 1 86 22 
91 87 95 69 52 31 
75 52 45 34 71 18 
19 83 7 66 55 89 
84 43 12 52 27 88 
45 21 52 49 77 46 
28 63 8 85 29 89 
82 41 94 11 7 39 
64 78 98 34 30 14 
56 60 48 24 40 44 
67 27 49 70 20 51 
42 94 27 47 87 64 
31 75 55 39 80 9 
58 30 51 85 76 34 
80 2 6 86 91 82 
16 29 47 63 10 56 
80 19 81 51 8 69 
84 5 56 42 72 20 
51 75 17 68 37 66 
37 28 13 80 90 39 
47 94 5 29 97 9 
59 91 58 80 85 20 
93 7 56 86 4 90 
15 78 27 28 14 53 
33 64 34 43 30 37 
26 61 66 2 49 30 
62 65 60 96 12 27 
18 86 67 32 41 37 
91 19 30 41 14 73 
75 61 35 45 97 7 
57 62 31 67 58 14 
59 74 21 76 40 51 
21 93 83 77 44 48 
39 65 44 67 4 9 
30 2 98 23 37 70 
1 9 92 23 50 17 
70 31 77 92 15 59 
2 5 13 25 60 6 
4 97 29 63 2 94 
2 78 44 30 39 37 
89 51 61 5 4 74 
16 63 64 46 7 38 
23 76 16 62 80 89 
58 95 32 72 14 4 
94 19 1 23 87 42 
20 50 30 1 37 89 
21 91 5 26 37 22 
11 53 5 38 47 75 
94 97 66 24 17 55 
64 51 34 43 75 27 
20 15 57 17 23 54 
4 95 88 12 17 77 
99 33 71 46 20 92 
65 6 96 4 92 19 
20 38 53 57 51 23 
23 69 27 5 85 50 
51 32 35 89 60 12 
70 6 14 75 49 33 
6 55 66 31 51 49 
49 24 14 6 20 69 
74 84 54 42 12 71 
4 43 63 82 54 75 
99 94 32 13 81 57 
94 37 81 43 18 1 
63 3 11 49 6 40 
23 27 8 33 97 62 
82 13 90 88 71 17 
48 3 13 70 87 38 
92 18 53 23 19 22 
44 50 48 92 18 27 
96 70 88 85 37 1 
12 82 87 62 14 69 
20 66 92 39 31 41 
88 5 80 4 68 33 
99 70 24 66 17 88 
23 83 6 58 36 80 
45 36 50 16 98 35 
88 74 11 66 37 56 
61 76 40 56 5 12 
76 15 47 98 64 48 
54 82 41 48 33 68 
22 46 73 23 98 62 
32 95 68 13 39 15 
46 50 85 96 40 66 
45 74 77 51 90 73 
27 95 89 88 42 30 
15 26 43 23 98 31 
51 53 48 98 87 15 
90 6 21 44 27 45 
51 89 48 22 19 99 
48 7 44 24 4 16 
72 42 97 17 50 84 
25 54 67 56 60 85 
68 32 80 78 90 8 
13 19 25 50 15 86 
79 71 12 38 85 67 
86 39 60 96 54 34 
33 1 38 97 98 41 
72 29 26 48 84 24 
56 97 31 33 7 71 
52 44 79 94 42 12 
29 66 96 35 40 57 
38 64 56 31 87 92 
82 48 56 96 27 88 
55 89 28 82 81 48 
36 28 48 67 50 88 
52 17 76 3 32 21 
20 13 33 54 26 10 
43 62 96 21 92 45 
73 71 80 72 60 83 
81 73 57 5 82 89 
14 51 75 34 6 67 
29 37 96 17 89 18 
32 28 59 94 93 4 
99 10 36 72 19 56 
49 2 64 76 12 9 
54 89 85 94 50 20 
58 67 26 98 32 18 
67 59 72 57 51 94 
42 22 4 96 34 82 
84 74 85 75 67 15 
37 95 72 27 51 5 
61 56 22 85 93 83 
35 67 14 22 4 72 
8 72 92 25 80 62 
13 35 9 60 15 21 
78 97 46 10 53 89 
66 70 97 1 80 69 
36 91 79 65 5 97 
24 84 48 55 90 19 
65 24 70 40 77 41 
68 98 12 26 45 96 
26 91 14 70 50 28 
62 71 84 48 79 93 
62 74 17 9 50 69 
75 15 99 26 65 55 
62 61 15 10 99 74 
76 44 65 91 50 53 
88 48 59 1 72 10 
13 54 12 45 71 82 
93 18 29 33 45 80 
69 5 2 77 32 67 
35 97 47 21 59 58 
89 51 90 53 86 2 
96 88 21 44 50 31 
10 12 34 68 45 84 
76 75 54 55 34 4 
96 21 71 30 72 66 
81 2 28 68 27 25 
54 47 40 60 49 85 
49 9 99 52 13 84 
82 61 55 39 54 23 
50 11 32 5 14 25 
59 80 67 38 1 12 
67 59 91 43 99 98 
87 81 58 17 52 28 
46 51 79 81 6 28 
11 43 59 15 62 67 
21 54 23 51 43 7 
38 18 65 24 39 56 
27 64 81 20 11 42 
98 11 42 71 20 40 
77 98 40 12 46 4 
83 61 88 95 47 99 
57 49 29 41 58 42 
43 7 50 33 47 6 
85 71 43 37 63 47 
43 94 9 8 57 80 
41 63 37 92 79 93 
72 52 10 97 74 67 
27 59 22 40 66 55 
67 11 51 27 81 66 
91 66 37 74 12 48 
21 35 61 95 84 86 
59 62 12 88 39 99 
28 27 92 20 10 46 
73 18 10 23 24 59 
33 84 27 91 15 62 
3 37 6 57 72 44 
47 87 18 98 77 23 
74 59 93 57 27 84 
2 50 81 23 20 79 
42 69 16 1 7 39 
55 32 92 3 12 8 
55 14 95 75 39 4 
25 10 2 33 71 28 
16 58 67 28 94 41 
38 58 86 32 37 8 
51 73 7 98 91 50 
93 97 3 6 58 90 
54 8 79 73 3 90 
41 90 8 60 48 82 
46 81 51 31 39 28 
94 67 23 25 78 27 
37 89 19 51 69 33 
76 55 24 44 4 98 
38 4 50 83 12 41 
91 27 99 31 71 86 
74 71 45 87 36 75 
85 13 18 20 68 92 
27 18 67 30 71 8 
71 31 94 69 55 68 
4 90 5 67 30 80 
52 82 98 71 75 61 
59 66 34 15 91 71 
33 20 21 40 99 58 
31 37 9 44 68 89 
19 24 49 51 25 10 
48 3 71 38 85 14 
63 87 48 80 72 26 
55 77 53 21 18 72 
18 69 75 97 15 91 
44 52 72 15 48 37 
35 70 68 71 75 54 
75 27 2 46 68 21 
80 56 79 9 57 5 
28 64 94 12 37 70 
17 74 26 45 71 37 
12 79 75 82 98 19 
53 16 76 91 72 58 
16 67 3 42 76 39 
25 77 81 17 86 72 
19 55 99 63 53 33 
85 38 64 10 56 81 
47 36 45 20 30 81 
76 83 7 67 32 63 
14 96 6 66 12 46 
69 68 3 26 70 96 
53 54 94 4 66 20 
39 18 66 44 33 98 
38 14 19 24 50 65 
19 88 80 18 54 41 
73 24 79 4 33 5 
56 40 95 17 7 81 
36 77 88 50 32 26 
43 71 82 77 52 45 
29 12 62 10 84 2 
43 81 80 64 69 11 
67 91 3 18 51 19 
15 95 37 43 85 33 
92 17 96 16 12 90 
1 95 71 59 32 52 
75 53 29 16 11 46 
79 91 10 54 22 46 
31 38 10 92 37 56 
33 22 4 1 76 20 
82 68 93 84 10 36 
29 74 43 98 17 14 
93 16 29 18 73 20 
78 20 57 62 24 50 
9 88 95 40 68 93 
33 39 6 30 40 8 
40 49 23 94 77 92 
88 79 26 67 10 63 
35 37 53 63 30 77 
62 21 35 47 45 48 
97 43 4 42 23 96 
82 25 27 75 47 61 
20 39 29 58 11 21 
98 68 89 83 5 72 
23 51 61 39 91 11 
1 91 92 62 99 58 
28 61 86 89 52 78 
61 34 36 86 87 26 
67 38 77 84 89 27 
4 82 76 23 8 17 
20 62 60 25 30 43 
47 49 84 20 63 14 
70 43 62 25 78 82 
28 52 21 99 76 74 
74 73 93 63 85 1 
51 38 4 22 12 97 
90 78 68 34 12 88 
41 6 13 93 10 23 
41 48 86 46 83 11 
19 38 61 66 62 58 
57 22 86 74 33 88 
95 46 21 57 36 7 
74 59 94 92 88 27 
83 95 12 58 90 86 
19 6 11 98 74 41 
98 85 74 79 20 25 
22 51 18 66 5 91 
39 40 24 70 28 36 
87 6 11 99 31 47 
41 48 12 14 87 71 
12 4 15 44 17 37 
90 53 29 19 92 20 
36 89 23 13 26 19 
21 90 15 22 34 29 
43 21 10 59 39 6 
11 68 88 37 50 2 
99 84 42 41 52 59 
23 71 58 37 99 38 
1 9 99 83 11 13 
30 17 65 83 36 1 
45 80 54 52 3 39 
81 92 71 70 90 75 
74 72 27 50 76 44 
64 81 97 53 38 84 
34 86 48 51 55 20 
87 74 84 36 80 92 
92 66 37 11 54 24 
58 24 7 66 46 55 
21 41 12 68 47 78 
14 66 6 29 72 64 
66 71 32 59 12 87 
43 23 2 41 18 62 
74 4 60 7 45 65 
17 27 81 32 2 38 
66 10 11 57 55 39 
80 31 15 12 61 73 
39 2 81 56 8 94 
17 34 50 49 82 94 
26 8 35 43 69 73 
28 80 24 43 22 38 
20 83 45 29 66 81 
99 70 58 43 86 75 
93 41 32 45 81 1 
72 19 6 65 51 29 
62 71 38 92 14 70 
17 82 75 47 23 65 
65 59 32 94 30 8 
55 73 64 26 94 17 
59 88 26 24 53 67 
23 5 72 75 25 91 
19 69 32 92 42 60 
18 44 82 45 14 35 
10 41 54 38 60 97 
27 13 18 82 1 53 
9 94 58 68 23 60 
69 26 3 48 42 12 
78 33 1 4 77 43 
40 63 53 37 81 85 
22 82 85 86 41 43 
66 62 94 15 31 71 
17 7 13 81 21 79 
51 62 27 13 17 68 
23 22 47 73 15 36 
50 44 93 48 77 97 
82 18 48 75 66 61 
9 92 1 75 44 31 
23 37 67 40 21 13 
32 79 73 72 62 39 
22 80 85 19 98 14 
10 79 21 7 84 93 
70 94 59 50 58 5 
89 1 51 48 87 47 
23 89 74 40 90 71 
87 4 5 21 43 16 
32 39 71 64 26 78 
5 82 46 61 59 16 
72 21 81 80 31 87 
36 54 5 66 96 17 
2 9 15 27 63 64 
30 39 21 42 91 46 
44 81 22 51 28 96 
26 62 52 75 80 83 
81 34 63 18 98 50 
86 58 95 21 46 66 
53 46 31 27 18 59 
91 76 79 25 44 17 
90 38 20 53 33 27 
60 40 17 67 39 6 
25 55 51 91 22 60 
41 16 56 61 24 87 
53 24 26 76 91 27 
41 90 98 39 56 91 
99 89 72 91 81 14 
17 43 74 91 99 76 
42 54 45 87 12 96 
57 22 87 26 44 93 
63 32 55 39 58 78 
13 18 69 72 83 57 
83 67 89 21 85 61 
91 40 28 35 59 63 
91 94 43 15 9 40 
90 15 55 79 98 74 
16 92 48 7 47 80 
66 12 11 29 31 82 
65 25 75 8 45 48 
53 70 14 81 12 51 
23 90 60 45 6 12 
83 9 86 78 3 41 
80 24 64 65 7 43 
82 58 54 46 97 41 
64 13 93 98 28 91 
78 22 97 4 29 66 
53 29 81 67 9 82 
34 36 81 9 11 31 
94 80 30 55 11 45 
76 30 87 72 52 58 
42 18 81 28 20 51 
19 98 18 6 33 3 
21 71 48 46 55 38 
23 43 63 84 32 31 
98 74 75 85 4 73 
93 99 75 17 73 76 
19 38 54 48 53 63 
17 83 58 71 61 75 
89 80 21 88 36 41 
51 53 22 44 54 87 
76 32 11 73 88 80 
14 67 4 32 35 60 
67 56 26 89 63 75 
59 75 80 17 92 53 
42 18 52 95 89 37 
73 59 9 6 90 25 
48 1 11 57 44 91 
79 23 30 10 86 71 
45 88 33 51 23 6 
77 73 63 46 50 93 
79 45 52 11 90 81 
83 91 49 17 14 85 
58 16 9 82 41 61 
6 90 64 24 54 76 
62 17 96 60 52 73 
16 58 38 50 67 24 
63 58 76 54 4 16 
30 84 55 58 98 40 
87 66 45 56 9 79 
30 84 37 46 31 3 
29 80 7 49 18 1 
32 85 39 34 74 23 
82 79 53 60 7 56 
67 80 75 92 72 38 
9 45 83 85 11 94 
81 23 25 70 82 46 
8 6 29 51 93 32 
44 32 38 14 52 92 
35 17 36 84 38 86 
27 42 87 54 37 90 
52 48 33 98 10 90 
12 69 58 62 33 55 
59 15 7 73 90 79 
35 67 47 29 28 41 
11 73 15 17 71 10 
3 49 90 75 66 45 
86 28 75 34 71 46 
23 34 91 16 10 58 
1 50 52 16 43 5 
38 40 64 63 16 75 
8 96 43 83 13 89 
97 50 57 64 67 54 
39 96 74 63 52 32 
26 46 54 74 23 53 
42 98 5 2 7 33 
82 24 15 64 10 46 
28 61 96 33 60 16 
70 60 86 94 77 59 
88 30 20 53 36 23 
9 60 78 59 25 46 
43 81 55 80 92 21 
26 80 36 86 39 35 
97 16 65 11 15 77 
34 99 23 44 20 77 
2 52 34 95 11 77 
89 75 34 91 94 65 
83 27 97 57 26 56 
81 76 41 1 3 71 
83 90 34 43 1 40 
61 66 79 62 98 4 
18 19 37 35 54 11 
26 70 50 17 75 35 
55 50 98 3 74 96 
84 69 85 30 77 7 
37 95 54 69 18 22 
55 82 99 5 62 30 
76 14 31 11 18 21 
92 73 61 99 25 36 
60 26 69 34 15 45 
90 83 96 76 29 15 
52 99 64 50 7 87 
59 98 87 74 92 94 
30 39 17 70 88 94 
91 55 46 77 27 52 
87 67 18 97 55 23 
39 24 54 72 46 48 
37 2 1 64 31 40 
66 42 16 5 87 27 
26 93 30 42 7 57 
52 86 15 17 47 27 
40 63 81 11 84 32 
7 90 55 78 34 9 
22 19 67 80 35 43 
47 35 18 54 14 45 
6 77 64 91 83 94 
65 24 62 31 4 73 
65 52 22 47 85 66 
22 51 70 66 58 41 
8 1 15 87 51 19 
11 57 62 33 37 81 
48 52 90 60 69 59 
17 39 11 12 83 90 
75 31 81 53 34 68 
81 48 19 1 25 35 
92 85 25 89 22 76 
78 33 46 53 34 28 
15 54 72 8 96 58 
59 68 96 80 15 86 
10 38 43 6 72 87 
53 73 91 44 92 4 
96 55 10 82 86 69 
10 60 12 81 51 32 
5 82 25 53 33 69 
62 5 23 70 66 15 
50 18 86 88 87 36 
69 42 18 48 7 37 
48 63 50 17 5 18 
22 7 1 35 25 20 
10 34 31 75 56 18 
91 82 17 41 83 39 
68 94 70 14 49 61 
38 87 55 2 98 81 
22 26 18 87 95 40 
1 97 4 8 59 23 
76 15 57 73 24 26 
72 89 46 1 78 13 
25 56 43 66 67 89 
24 48 91 71 21 36 
65 41 52 98 64 53 
25 7 22 12 50 72 
74 42 83 77 18 39 
86 80 48 1 54 39 
96 8 81 80 79 76 
9 79 82 43 23 48 
57 19 88 27 13 46 
66 81 78 77 1 50 
16 19 78 80 42 63 
7 6 47 94 99 64 
4 73 98 80 84 7 
33 26 96 67 89 63 
67 39 21 89 86 91 
25 74 40 49 24 43 
49 28 57 27 68 26 
64 42 70 66 82 84 
21 70 22 55 31 7 
80 44 57 72 81 54 
41 23 92 22 68 31 
52 58 90 56 7 30 
91 94 56 5 89 76 
98 4 90 76 85 26 
1 14 35 33 72 68 
7 84 89 60 44 79 
4 83 52 27 74 95 
86 70 7 2 42 13 
42 90 28 15 73 37 
97 36 1 37 78 41 
61 19 9 37 94 43 
27 89 38 67 61 40 
55 14 75 31 12 39 
37 54 28 80 67 79 
3 41 9 63 58 11 
61 27 51 81 43 15 
6 42 46 92 15 9 
62 29 83 18 87 32 
56 3 98 57 62 55 
67 23 37 66 41 82 
57 14 46 67 62 50 
50 40 6 41 47 89 
57 17 94 12 3 23 
90 42 65 94 33 84 
85 23 33 39 67 82 
29 72 70 85 28 68 
21 38 73 75 33 99 
46 21 93 82 13 29 
33 61 37 95 87 31 
48 69 70 38 42 3 
53 28 46 97 67 89 
95 23 92 50 15 78 
69 57 44 1 37 20 
81 61 22 51 17 90 
12 43 84 65 75 36 
83 51 20 11 53 43 
62 67 60 12 25 2 
79 60 94 1 95 48 
98 88 84 42 55 63 
26 93 21 31 56 81 
27 42 7 12 1 49 
44 50 28 16 11 18 
42 39 17 25 91 11 
6 81 45 88 18 85 
24 61 17 29 42 11 
54 46 13 61 94 34 
20 19 56 44 62 67 
50 82 70 21 78 9 
1 51 8 11 76 12 
66 97 27 90 9 50 
36 99 83 32 59 84 
97 60 80 24 33 56 
66 9 57 58 96 39 
8 73 41 90 99 77 
84 24 75 60 20 94 
14 75 30 81 92 72 
99 44 85 27 31 54 
41 90 23 33 37 52 
69 40 68 92 76 90 
26 54 88 56 93 40 
74 51 36 69 1 67 
62 17 11 83 28 94 
50 46 21 18 52 33 
78 60 40 96 1 98 
35 57 29 38 64 45 
4 44 96 23 66 22 
79 53 25 1 11 10 
83 25 32 49 41 22 
3 42 96 91 72 13 
51 10 31 58 38 34 
21 19 27 6 91 11 
59 13 35 73 72 30 
7 49 52 37 71 12 
11 67 80 22 85 13 
27 21 1 72 3 35 
53 15 1 57 46 24 
57 31 60 24 43 37 
82 42 93 28 72 21 
39 80 94 60 25 36 
39 72 46 43 49 75 
53 55 14 66 59 42 
53 40 2 38 4 29 
18 90 17 2 84 58 
69 97 60 19 39 3 
79 43 84 40 14 29 
72 62 83 64 2 6 
53 69 87 66 37 32 
7 88 32 72 14 62 
25 2 80 17 23 61 
21 32 53 59 65 60 
87 91 5 96 34 51 
98 78 97 67 26 60 
61 10 8 5 28 24 
40 43 97 13 51 62 
33 28 13 42 63 62 
66 5 90 31 18 63 
11 86 16 49 97 60 
64 46 50 47 52 58 
91 69 11 31 46 56 
82 44 77 23 46 36 
58 61 79 57 66 56 
13 68 98 78 21 52 
89 24 53 46 41 76 
34 69 14 78 42 94 
31 15 88 47 33 90 
43 45 1 79 15 65 
92 94 23 91 89 57 
52 70 51 85 13 37 
89 21 36 61 19 42 
42 72 81 61 94 30 
60 10 95 42 15 69 
8 91 31 22 52 35 
90 27 96 49 63 25 
48 37 1 24 39 99 
2 22 95 9 71 25 
9 40 58 32 7 38 
48 57 41 4 53 91 
39 32 3 93 16 40 
90 32 44 81 71 40 
21 8 90 52 82 54 
91 52 37 46 67 77 
48 13 78 85 42 57 
76 64 92 97 2 18 
35 10 77 38 26 17 
65 9 89 39 73 55 
98 12 82 25 3 14 
2 49 74 55 5 10 
56 25 38 67 88 11 
33 83 22 44 24 76 
81 25 77 66 39 47 
22 45 94 55 50 96 
28 35 73 22 51 47 
3 98 79 47 8 95 
57 64 55 6 48 42 
41 40 45 95 43 97 
27 35 11 10 3 53 
88 45 7 94 40 23 
3 50 69 14 43 20 
64 89 29 67 91 49 
39 93 26 69 3 16 
58 46 98 41 49 86 
75 48 64 35 94 31 
20 91 25 51 86 56 
27 82 91 57 98 90 
55 34 28 93 77 52 
52 66 6 53 48 88 
49 98 60 82 1 21 
33 9 14 62 97 26 
4 2 67 90 92 81 
6 78 98 76 13 10 
51 71 28 60 43 87 
75 18 4 97 2 98 
29 62 36 39 76 11 
76 39 30 81 10 53 
80 4 42 62 82 22 
95 93 89 44 29 94 
37 99 56 89 46 97 
79 81 36 16 61 70 
44 18 77 69 29 15 
49 63 82 59 65 12 
82 51 5 95 92 90 
81 50 88 37 49 65 
72 86 61 16 68 18 
78 56 54 90 31 59 
59 93 46 15 9 74 
49 58 38 85 7 30 
78 39 52 24 3 25 
34 94 24 81 39 56 
44 74 64 20 92 4 
38 36 92 72 75 96 
49 30 9 37 32 91 
91 38 94 80 73 81 
1 84 3 22 82 63 
38 15 76 74 10 35 
63 95 70 12 56 89 
95 27 91 7 99 17 
21 23 54 45 41 2 
93 85 78 36 86 7 
6 56 63 66 75 78 
36 48 98 22 7 99 
65 44 79 38 20 57 
55 32 49 29 57 42 
41 8 30 97 1 57 
63 72 28 91 61 98 
21 15 48 78 34 2 
22 43 40 65 62 82 
48 73 44 37 21 25 
11 39 70 37 86 5 
16 43 68 62 94 6 
28 38 62 17 8 56 
57 73 8 72 38 85 
73 14 59 19 33 31 
37 29 72 63 6 48 
2 57 68 20 92 50 
79 21 26 23 28 91 
63 84 70 97 61 95 
59 46 23 63 3 72 
41 88 83 4 21 6 
70 68 17 87 16 41 
58 38 1 48 9 98 
98 25 95 57 41 30 
75 74 80 96 6 51 
67 44 71 96 14 35 
40 94 77 92 32 61 
71 1 17 18 68 49 
25 97 61 87 75 17 
47 62 36 17 8 92 
35 23 15 90 26 95 
85 6 54 11 59 21 
19 49 27 9 96 13 
19 97 69 36 81 42 
53 99 76 14 94 67 
2 52 88 98 23 66 
37 3 98 32 82 16 
40 3 80 26 86 37 
93 21 90 47 34 72 
80 74 68 15 28 61 
19 38 95 58 64 26 
37 50 36 52 93 22 
73 78 30 11 86 80 
74 50 48 90 93 70 
76 95 55 29 23 19 
69 78 48 68 61 87 
33 16 34 8 54 98 
29 62 63 52 55 56 
9 83 30 88 79 75 
27 90 88 2 95 32 
21 7 66 80 91 39 
33 11 43 37 99 44 
57 51 45 4 16 25 
81 3 20 72 21 35 
73 86 25 38 68 20 
26 37 56 69 73 55 
82 43 11 86 57 85 
63 9 66 71 35 23 
80 47 84 35 85 36 
71 25 29 81 79 80 
65 59 37 98 3 7 
85 2 31 53 35 95 
5 54 9 28 40 7 
12 21 6 97 40 28 
19 13 61 62 28 71 
24 8 94 23 66 25 
68 56 15 44 29 96 
9 51 24 41 75 63 
72 25 87 91 55 99 
84 24 9 63 29 86 
71 23 45 84 7 82 
58 4 84 75 76 17 
9 25 83 52 28 60 
20 67 50 95 12 97 
90 10 28 29 1 12 
46 20 19 14 39 69 
92 23 98 25 14 10 
45 9 25 1 28 2 
21 4 30 19 64 75 
42 97 6 7 75 49 
32 48 26 31 60 71 
8 60 46 45 25 70 
18 79 83 24 92 6 
12 94 64 79 93 90 
74 12 31 53 13 30 
80 8 70 61 43 48 
43 24 7 76 67 27 
69 41 32 18 12 9 
50 31 9 81 22 37 
75 31 87 93 18 92 
11 50 49 30 85 34 
86 10 22 83 33 51 
30 57 77 37 35 88 
87 7 34 29 1 40 
90 29 26 62 94 15 
67 66 39 38 65 29 
7 20 10 8 30 47 
59 2 94 69 27 99 
10 3 98 87 34 48 
70 84 52 34 68 98 
14 83 72 89 56 97 
19 63 20 11 78 94 
8 60 26 37 40 72 
80 42 38 73 12 32 
22 38 21 20 96 12 
40 99 56 88 28 46 
5 8 27 36 97 53 
56 19 68 20 97 59 
94 26 46 71 60 61 
13 36 74 14 65 5 
91 29 14 84 5 98 
45 27 86 60 89 72 
20 64 96 80 77 86 
53 40 62 72 7 45 
72 96 54 69 76 29 
41 17 10 33 81 82 
41 69 13 18 42 32 
78 79 53 34 91 26 
34 46 80 29 42 67 
35 46 2 38 76 97 
24 88 35 95 19 62 
53 87 27 67 33 22 
43 18 59 24 48 49 
94 1 98 32 40 48 
92 76 27 65 67 5 
10 34 62 49 80 4 
91 44 40 69 53 11 
7 75 92 15 30 11 
69 98 48 45 47 68 
47 53 74 22 80 72 
48 9 32 28 34 81 
51 1 74 10 50 85 
69 4 43 86 65 78 
90 70 4 34 22 37 
76 47 95 63 31 19 
26 43 79 1 85 59 
70 26 16 36 10 80 
58 82 22 61 75 42 
57 44 92 53 97 10 
29 99 18 82 31 11 
57 71 4 21 43 19 
46 39 87 75 21 60 
13 6 22 44 70 81 
2 25 12 52 60 77 
12 99 60 95 54 67 
15 11 4 58 69 94 
27 86 65 29 97 4 
80 37 34 19 95 57 
91 62 6 42 16 49 
99 50 6 67 55 3 
64 50 12 16 27 60 
91 39 92 63 12 33 
21 15 94 51 64 27 
65 53 36 22 38 49 
2 31 59 37 86 61 
63 90 97 44 85 96 
14 41 56 85 78 47 
95 79 31 32 41 25 
55 64 77 21 14 52 
57 16 65 92 68 6 
38 52 80 14 35 82 
15 63 9 59 89 87 
84 34 18 61 96 11 
10 52 91 61 95 81 
83 18 2 68 3 6 
98 33 34 43 86 88 
22 97 96 51 61 64 
91 13 31 49 81 56 
50 79 81 46 27 96 
46 12 62 59 56 75 
15 42 13 20 74 5 
4 64 68 53 70 95 
41 98 70 2 33 13 
74 89 30 82 64 2 
66 30 4 43 94 22 
43 18 37 71 66 10 
99 38 31 93 56 64 
31 23 81 1 58 3 
17 22 86 61 63 29 
17 39 26 33 45 80 
83 54 55 20 39 27 
32 46 45 88 24 97 
31 56 47 77 43 26 
87 29 5 48 38 67 
52 89 43 80 59 16 
57 28 94 10 31 6 
99 59 68 27 47 46 
5 89 30 70 48 88 
65 47 77 12 23 6 
59 25 68 27 60 47 
25 52 82 93 55 94 
48 82 53 98 39 66 
71 72 22 56 23 93 
61 13 25 23 88 42 
56 92 82 68 70 77 
46 28 38 79 60 17 
14 72 75 19 89 17 
99 57 58 66 31 67 
93 21 27 9 87 77 
65 46 8 49 27 26 
26 96 31 55 88 53 
18 87 7 6 26 85 
83 82 7 11 76 25 
95 65 30 4 70 36 
86 55 1 2 84 14 
19 8 53 14 84 83 
44 53 28 77 83 18 
51 41 53 21 55 88 
40 62 79 45 67 21 
68 38 28 19 16 51 
24 72 97 74 2 10 
17 1 59 5 97 47 
37 46 78 50 33 73 
48 40 19 49 55 78 
87 34 42 72 88 58 
40 85 23 89 46 2 
11 8 53 47 17 79 
97 44 28 50 65 72 
93 29 47 27 16 15 
13 60 69 74 24 72 
99 85 25 9 5 76 
65 4 18 78 20 55 
47 92 49 3 55 6 
39 49 23 7 3 1 
2 63 78 84 19 54 
51 98 22 48 13 54 
84 69 27 99 6 13 
17 32 47 55 29 95 
86 72 5 85 40 63 
40 58 64 90 44 71 
9 40 72 28 73 35 
2 20 42 50 41 93 
34 33 12 88 78 99 
53 19 10 63 40 12 
21 38 99 56 34 54 
63 21 53 28 86 57 
60 13 85 11 77 43 
16 41 35 59 1 60 
5 30 37 8 29 55 
87 62 45 95 94 39 
95 63 5 34 24 18 
79 65 80 22 97 99 
31 24 32 85 52 98 
87 74 92 71 20 75 
67 70 61 56 7 78 
46 61 27 73 33 80 
90 53 12 65 56 36 
79 59 98 42 38 43 
57 67 48 1 65 79 
21 93 81 96 16 9 
98 36 89 85 67 54 
2 21 98 49 34 26 
82 23 61 83 28 32 
42 80 10 97 7 98 
30 19 67 32 39 40 
30 8 78 71 5 61 
48 67 18 59 26 68 
43 58 78 68 89 44 
43 12 39 67 35 89 
57 69 40 6 78 3 
82 47 22 40 28 4 
29 88 17 68 12 6 
22 70 6 36 20 55 
20 70 53 92 72 34 
19 65 94 42 74 86 
46 47 50 45 39 18 
13 4 45 72 97 25 
86 68 13 90 20 23 
14 92 81 76 90 5 
19 65 7 52 37 78 
1 55 82 83 4 84 
21 64 2 41 72 93 
24 14 67 50 41 90 
2 39 47 56 28 65 
75 21 65 85 67 40 
95 10 57 75 58 11 
16 39 94 73 70 97 
37 20 32 13 70 53 
42 44 8 7 88 40 
4 23 44 91 95 14 
